xof 0303txt 0032
template AnimTicksPerSecond {
 <9e415a43-7ba6-4a73-8743-b73d47e88476>
 DWORD AnimTicksPerSecond;
}

template Frame {
 <3d82ab46-62da-11cf-ab39-0020af71e433>
 [...]
}

template Matrix4x4 {
 <f6f23f45-7686-11cf-8f52-0040333594a3>
 array FLOAT matrix[16];
}

template FrameTransformMatrix {
 <f6f23f41-7686-11cf-8f52-0040333594a3>
 Matrix4x4 frameMatrix;
}

template Vector {
 <3d82ab5e-62da-11cf-ab39-0020af71e433>
 FLOAT x;
 FLOAT y;
 FLOAT z;
}

template MeshFace {
 <3d82ab5f-62da-11cf-ab39-0020af71e433>
 DWORD nFaceVertexIndices;
 array DWORD faceVertexIndices[nFaceVertexIndices];
}

template Mesh {
 <3d82ab44-62da-11cf-ab39-0020af71e433>
 DWORD nVertices;
 array Vector vertices[nVertices];
 DWORD nFaces;
 array MeshFace faces[nFaces];
 [...]
}

template MeshNormals {
 <f6f23f43-7686-11cf-8f52-0040333594a3>
 DWORD nNormals;
 array Vector normals[nNormals];
 DWORD nFaceNormals;
 array MeshFace faceNormals[nFaceNormals];
}

template Coords2d {
 <f6f23f44-7686-11cf-8f52-0040333594a3>
 FLOAT u;
 FLOAT v;
}

template MeshTextureCoords {
 <f6f23f40-7686-11cf-8f52-0040333594a3>
 DWORD nTextureCoords;
 array Coords2d textureCoords[nTextureCoords];
}

template ColorRGBA {
 <35ff44e0-6c7c-11cf-8f52-0040333594a3>
 FLOAT red;
 FLOAT green;
 FLOAT blue;
 FLOAT alpha;
}

template ColorRGB {
 <d3e16e81-7835-11cf-8f52-0040333594a3>
 FLOAT red;
 FLOAT green;
 FLOAT blue;
}

template Material {
 <3d82ab4d-62da-11cf-ab39-0020af71e433>
 ColorRGBA faceColor;
 FLOAT power;
 ColorRGB specularColor;
 ColorRGB emissiveColor;
 [...]
}

template MeshMaterialList {
 <f6f23f42-7686-11cf-8f52-0040333594a3>
 DWORD nMaterials;
 DWORD nFaceIndexes;
 array DWORD faceIndexes[nFaceIndexes];
 [Material <3d82ab4d-62da-11cf-ab39-0020af71e433>]
}

template TextureFilename {
 <a42790e1-7810-11cf-8f52-0040333594a3>
 STRING filename;
}

template VertexDuplicationIndices {
 <b8d65549-d7c9-4995-89cf-53a9a8b031e3>
 DWORD nIndices;
 DWORD nOriginalVertices;
 array DWORD indices[nIndices];
}

template XSkinMeshHeader {
 <3cf169ce-ff7c-44ab-93c0-f78f62d172e2>
 WORD nMaxSkinWeightsPerVertex;
 WORD nMaxSkinWeightsPerFace;
 WORD nBones;
}

template SkinWeights {
 <6f0d123b-bad2-4167-a0d0-80224f25fabb>
 STRING transformNodeName;
 DWORD nWeights;
 array DWORD vertexIndices[nWeights];
 array FLOAT weights[nWeights];
 Matrix4x4 matrixOffset;
}

template Animation {
 <3d82ab4f-62da-11cf-ab39-0020af71e433>
 [...]
}

template AnimationSet {
 <3d82ab50-62da-11cf-ab39-0020af71e433>
 [Animation <3d82ab4f-62da-11cf-ab39-0020af71e433>]
}

template FloatKeys {
 <10dd46a9-775b-11cf-8f52-0040333594a3>
 DWORD nValues;
 array FLOAT values[nValues];
}

template TimedFloatKeys {
 <f406b180-7b3b-11cf-8f52-0040333594a3>
 DWORD time;
 FloatKeys tfkeys;
}

template AnimationKey {
 <10dd46a8-775b-11cf-8f52-0040333594a3>
 DWORD keyType;
 DWORD nKeys;
 array TimedFloatKeys keys[nKeys];
}


AnimTicksPerSecond {
 4800;
}

Frame {
 

 FrameTransformMatrix {
  1.000000,0.000000,0.000000,0.000000,0.000000,1.000000,0.000000,0.000000,0.000000,0.000000,1.000000,0.000000,0.000000,0.000000,0.000000,1.000000;;
 }

 Frame Dummy002 {
  

  FrameTransformMatrix {
   0.515038,0.000000,-0.857167,0.000000,0.007692,0.999960,0.004622,0.000000,0.857133,-0.008973,0.515017,0.000000,0.000000,13.869224,-0.000001,1.000000;;
  }

  Frame Bip001 {
   

   FrameTransformMatrix {
    -0.026176,0.000000,-0.999658,0.000000,0.000000,1.000000,0.000000,0.000000,0.999658,-0.000000,-0.026176,0.000000,0.000000,1.191235,0.000001,1.000000;;
   }

   Frame Bip001_Pelvis {
    

    FrameTransformMatrix {
     0.000000,1.000000,-0.000001,0.000000,-0.000001,0.000001,1.000000,0.000000,1.000000,-0.000000,0.000001,0.000000,0.000000,0.000000,0.000000,1.000000;;
    }

    Frame Bip001_Spine {
     

     FrameTransformMatrix {
      0.999067,0.000001,0.043198,0.000000,-0.000002,1.000000,0.000004,0.000000,-0.043198,-0.000004,0.999067,0.000000,1.953517,0.000003,-0.003382,1.000000;;
     }

     Frame Bip001_L_Thigh {
      

      FrameTransformMatrix {
       -0.882682,0.307530,0.355385,0.000000,-0.323549,-0.946091,0.015084,0.000000,0.340866,-0.101670,0.934598,0.000000,-1.951546,2.258329,0.087762,1.000000;;
      }

      Frame Bip001_L_Calf {
       

       FrameTransformMatrix {
        0.582505,-0.000000,-0.812828,0.000000,0.000000,1.000000,-0.000000,0.000000,0.812828,0.000000,0.582505,0.000000,8.228635,0.000001,-0.000000,1.000000;;
       }

       Frame Bip001_L_Foot {
        

        FrameTransformMatrix {
         0.768400,0.324506,0.551595,0.000000,-0.368844,0.928917,-0.032668,0.000000,-0.522987,-0.178351,0.833472,0.000000,7.280838,-0.000001,0.000000,1.000000;;
        }

        Frame Bip001_L_Toe0 {
         

         FrameTransformMatrix {
          0.000000,-0.000000,1.000000,0.000000,0.000000,1.000000,-0.000000,0.000000,-1.000000,0.000000,0.000000,0.000000,2.057737,0.000000,5.233955,1.000000;;
         }
        }
       }
      }

      Frame Bip001_LCalfTwist {
       

       FrameTransformMatrix {
        0.582505,-0.000000,-0.812828,0.000000,-0.009524,0.999931,-0.006826,0.000000,0.812772,0.011718,0.582465,0.000000,8.228635,0.000001,-0.000000,1.000000;;
       }

       Frame Bip001_LCalfTwist1 {
        

        FrameTransformMatrix {
         1.000000,-0.000000,0.000000,0.000000,-0.000000,0.999932,-0.011718,0.000000,0.000000,0.011718,0.999932,0.000000,3.640418,0.000000,0.000000,1.000000;;
        }
       }
      }
     }

     Frame Bip001_R_Thigh {
      

      FrameTransformMatrix {
       -0.922390,-0.386213,0.005989,0.000000,0.385317,-0.921110,-0.055560,0.000000,0.026974,-0.048940,0.998438,0.000000,-1.951546,-2.258328,0.087774,1.000000;;
      }

      Frame Bip001_R_Calf {
       

       FrameTransformMatrix {
        0.802382,-0.000000,-0.596811,0.000000,0.000000,1.000000,0.000000,0.000000,0.596811,0.000000,0.802382,0.000000,8.228633,0.000000,-0.000000,1.000000;;
       }

       Frame Bip001_R_Foot {
        

        FrameTransformMatrix {
         0.731806,-0.387990,0.560289,0.000000,0.423107,0.903152,0.072787,0.000000,-0.534266,0.183795,0.825093,0.000000,7.280836,-0.000002,0.000000,1.000000;;
        }

        Frame Bip001_R_Toe0 {
         

         FrameTransformMatrix {
          0.000000,-0.000000,1.000000,0.000000,-0.000000,1.000000,0.000000,0.000000,-1.000000,-0.000000,0.000000,0.000000,2.057737,0.000000,5.233955,1.000000;;
         }
        }
       }
      }

      Frame Bip001_RCalfTwist {
       

       FrameTransformMatrix {
        0.802382,-0.000000,-0.596811,0.000000,0.015996,0.999641,0.021506,0.000000,0.596597,-0.026803,0.802094,0.000000,8.228633,0.000000,-0.000000,1.000000;;
       }

       Frame Bip001_RCalfTwist1 {
        

        FrameTransformMatrix {
         1.000000,0.000000,0.000000,0.000000,-0.000000,0.999641,0.026803,0.000000,0.000000,-0.026803,0.999641,0.000000,3.640418,-0.000001,-0.000000,1.000000;;
        }
       }
      }
     }

     Frame Bip001_Spine1 {
      

      FrameTransformMatrix {
       0.956577,0.000001,0.291479,0.000000,-0.000001,1.000000,-0.000000,0.000000,-0.291479,-0.000000,0.956577,0.000000,4.253278,-0.000000,-0.004922,1.000000;;
      }

      Frame Bip001_Neck {
       

       FrameTransformMatrix {
        0.933627,-0.000001,-0.358246,0.000000,0.000001,1.000000,-0.000000,0.000000,0.358246,-0.000000,0.933627,0.000000,6.461305,0.000000,-0.000362,1.000000;;
       }

       Frame Bip001_Head {
        

        FrameTransformMatrix {
         0.999625,-0.000000,0.027399,0.000000,0.013234,0.875617,-0.482825,0.000000,-0.023991,0.483007,0.875288,0.000000,0.489514,-0.000000,0.000000,1.000000;;
        }
       }

       Frame Bip001_L_Clavicle {
        

        FrameTransformMatrix {
         -0.295424,0.948649,-0.113091,0.000000,0.885956,0.316331,0.339143,0.000000,0.357502,-0.000003,-0.933912,0.000000,-1.573920,1.520430,-0.832385,1.000000;;
        }

        Frame Bip001_L_UpperArm {
         

         FrameTransformMatrix {
          0.852050,-0.414741,0.319375,0.000000,0.366898,0.908344,0.200742,0.000000,-0.373358,-0.053864,0.926122,0.000000,2.353937,-0.000002,-0.000001,1.000000;;
         }

         Frame Bip001_L_Forearm {
          

          FrameTransformMatrix {
           0.804122,0.000000,-0.594464,0.000000,0.000000,1.000000,0.000000,0.000000,0.594464,0.000000,0.804123,0.000000,5.227660,0.000002,0.000002,1.000000;;
          }

          Frame Bip001_L_Hand {
           

           FrameTransformMatrix {
            0.924671,0.365033,0.108331,0.000000,-0.116649,0.000741,0.993173,0.000000,0.362460,-0.930995,0.043266,0.000000,4.169598,-0.000003,0.000000,1.000000;;
           }

           Frame Bip001_L_Finger0 {
            

            FrameTransformMatrix {
             1.000000,-0.000000,0.000000,0.000000,-0.000000,1.000000,0.000796,0.000000,0.000000,-0.000796,1.000000,0.000000,3.138271,-0.000001,-0.000002,1.000000;;
            }
           }
          }
         }

         Frame Bip001_L_ForeTwist {
          

          FrameTransformMatrix {
           0.804122,0.000000,-0.594464,0.000000,-0.000148,1.000000,-0.000200,0.000000,0.594464,0.000249,0.804123,0.000000,5.227660,0.000002,0.000002,1.000000;;
          }

          Frame Bip001_L_ForeTwist1 {
           

           FrameTransformMatrix {
            1.000000,0.000000,0.000000,0.000000,0.000000,1.000000,-0.000249,0.000000,-0.000000,0.000249,1.000000,0.000000,2.084801,0.000000,0.000000,1.000000;;
           }
          }
         }
        }

        Frame Bip001_LUpArmTwist {
         

         FrameTransformMatrix {
          0.852050,-0.414741,0.319375,0.000000,0.428115,0.903201,0.030744,0.000000,-0.301211,0.110534,0.947129,0.000000,2.353937,-0.000002,-0.000001,1.000000;;
         }

         Frame Bip001_LUpArmTwist1 {
          

          FrameTransformMatrix {
           1.000000,0.000000,0.000000,0.000000,0.000000,0.995908,0.090379,0.000000,0.000000,-0.090379,0.995908,0.000000,2.613831,-0.000002,0.000000,1.000000;;
          }
         }
        }
       }

       Frame Bip001_R_Clavicle {
        

        FrameTransformMatrix {
         -0.202088,-0.976308,-0.077357,0.000000,-0.911785,0.216388,-0.349032,0.000000,0.357502,-0.000002,-0.933912,0.000000,-1.575632,-1.435088,-0.833028,1.000000;;
        }

        Frame Bip001_R_UpperArm {
         

         FrameTransformMatrix {
          0.924663,0.300527,0.233843,0.000000,-0.296582,0.953551,-0.052728,0.000000,-0.238828,-0.020599,0.970844,0.000000,2.353937,0.000005,-0.000002,1.000000;;
         }

         Frame Bip001_R_Forearm {
          

          FrameTransformMatrix {
           0.853685,0.000000,-0.520790,0.000000,-0.000000,1.000000,0.000000,0.000000,0.520790,0.000000,0.853685,0.000000,5.227661,-0.000002,0.000000,1.000000;;
          }

          Frame Bip001_R_Hand {
           

           FrameTransformMatrix {
            0.993207,0.000000,0.116361,0.000000,0.116361,0.000796,-0.993207,0.000000,-0.000093,1.000000,0.000791,0.000000,4.169598,-0.000003,-0.000000,1.000000;;
           }

           Frame Bip001_R_Finger0 {
            

            FrameTransformMatrix {
             1.000000,-0.000000,0.000000,0.000000,0.000000,1.000000,-0.000796,0.000000,-0.000000,0.000796,1.000000,0.000000,3.138270,-0.000001,0.000000,1.000000;;
            }
           }
          }
         }

         Frame Bip001_R_ForeTwist {
          

          FrameTransformMatrix {
           0.853685,0.000000,-0.520790,0.000000,0.000139,1.000000,0.000228,0.000000,0.520790,-0.000267,0.853685,0.000000,5.227661,-0.000002,0.000000,1.000000;;
          }

          Frame Bip001_R_ForeTwist1 {
           

           FrameTransformMatrix {
            1.000000,0.000000,-0.000000,0.000000,-0.000000,1.000000,0.000267,0.000000,-0.000000,-0.000267,1.000000,0.000000,2.084799,0.000000,0.000000,1.000000;;
           }
          }
         }
        }

        Frame Bip001_RUpArmTwist {
         

         FrameTransformMatrix {
          0.924663,0.300527,0.233843,0.000000,-0.327325,0.941095,0.084845,0.000000,-0.194571,-0.154995,0.968565,0.000000,2.353937,0.000005,-0.000002,1.000000;;
         }

         Frame Bip001_RUpArmTwist1 {
          

          FrameTransformMatrix {
           1.000000,0.000000,0.000000,0.000000,-0.000000,0.997494,-0.070757,0.000000,-0.000000,0.070757,0.997494,0.000000,2.613829,-0.000002,0.000001,1.000000;;
          }
         }
        }
       }
      }
     }

     Frame Bip001_LThighTwist {
      

      FrameTransformMatrix {
       -0.882682,0.307530,0.355385,0.000000,-0.307250,-0.949812,0.058787,0.000000,0.355628,-0.057302,0.932870,0.000000,-1.951546,2.258329,0.087762,1.000000;;
      }

      Frame Bip001_LThighTwist1 {
       

       FrameTransformMatrix {
        1.000000,0.000000,0.000000,0.000000,-0.000000,0.999726,-0.023396,0.000000,0.000000,0.023396,0.999726,0.000000,4.114316,0.000000,0.000001,1.000000;;
       }
      }
     }

     Frame Bip001_RThighTwist {
      

      FrameTransformMatrix {
       -0.922390,-0.386213,0.005989,0.000000,0.385548,-0.921522,-0.046367,0.000000,0.023427,-0.040460,0.998907,0.000000,-1.951546,-2.258328,0.087774,1.000000;;
      }

      Frame Bip001_RThighTwist1 {
       

       FrameTransformMatrix {
        1.000000,0.000000,0.000000,0.000000,0.000000,0.999989,-0.004602,0.000000,-0.000000,0.004602,0.999989,0.000000,4.114315,0.000001,0.000000,1.000000;;
       }
      }
     }
    }
   }

   Frame Bip001_Prop1 {
    

    FrameTransformMatrix {
     -0.276185,-0.381960,0.881946,0.000000,0.709626,-0.699918,-0.080903,0.000000,0.648192,0.603508,0.464356,0.000000,-1.336595,4.636244,-12.945162,1.000000;;
    }
   }
  }
 }

 Frame oribia {
  

  FrameTransformMatrix {
   1.000000,0.000000,0.000000,0.000000,0.000000,-0.000000,-1.000000,0.000000,0.000000,1.000000,-0.000000,0.000000,0.000000,0.000000,0.000000,1.000000;;
  }

  Mesh oribia {
   4469;
   1.958330;-0.046240;29.571059;,
   1.202385;-0.055930;29.664883;,
   1.893404;-0.530943;29.557587;,
   1.140298;-0.477567;29.692717;,
   0.937652;-0.875328;29.650899;,
   0.622032;-1.175371;29.650899;,
   1.731917;-1.137626;29.196883;,
   1.511596;-2.077982;28.554723;,
   3.134997;1.543879;28.174810;,
   2.065264;2.123159;27.546970;,
   1.982056;1.389047;28.671891;,
   1.475117;1.889553;28.225043;,
   1.111685;0.524084;29.516851;,
   2.004399;0.579170;29.346813;,
   2.848116;1.556341;25.063427;,
   2.632566;1.653740;24.464072;,
   2.085121;2.317778;24.907318;,
   1.981899;2.224268;24.380488;,
   2.440971;-2.026571;28.763539;,
   1.565518;-2.537324;28.714570;,
   2.280598;-2.339313;27.900902;,
   1.366831;-2.530692;27.820246;,
   2.875575;0.095363;21.335570;,
   3.134013;0.096006;21.738829;,
   2.854871;-1.029097;21.331778;,
   3.101421;-1.081727;21.732870;,
   3.134013;0.096006;21.738829;,
   2.875575;0.095363;21.335570;,
   2.909544;1.261617;21.738882;,
   2.693106;1.194617;21.335622;,
   0.530711;-1.171912;30.752669;,
   0.839970;-0.846331;30.752669;,
   1.038855;-0.449182;30.665088;,
   0.822469;0.805221;30.502330;,
   0.918118;0.904454;29.288502;,
   0.405722;1.076245;30.384083;,
   0.648724;1.187079;29.072966;,
   1.077123;-0.028746;30.569930;,
   1.029285;0.515089;30.502330;,
   1.256027;2.714726;21.335669;,
   1.412020;2.862736;21.738971;,
   2.004501;2.090407;21.333456;,
   2.221543;2.187853;21.735523;,
   1.240866;-2.524894;21.326886;,
   2.438039;-1.951112;21.326886;,
   1.388157;-2.672124;21.725128;,
   2.646819;-2.063737;21.725128;,
   2.452624;-1.909027;27.881965;,
   3.880134;-1.099145;28.153376;,
   2.483166;-1.661403;28.491187;,
   4.136266;-0.919891;29.148013;,
   3.226837;0.815713;25.122022;,
   2.628163;0.655151;24.072477;,
   2.938424;1.144441;24.946944;,
   2.703837;1.244282;24.306654;,
   0.512955;-2.546348;21.326886;,
   0.636162;-2.705892;21.725128;,
   0.714577;-2.562943;28.729526;,
   0.651082;-2.602360;27.812250;,
   0.772527;-2.130662;28.588387;,
   0.296325;-1.338178;29.650899;,
   0.271698;-1.269785;30.752669;,
   0.412372;1.260201;29.042266;,
   0.083339;1.348567;29.005162;,
   0.190407;1.150987;30.232522;,
   1.302741;2.499361;27.492096;,
   0.698672;2.561352;27.374528;,
   0.937711;2.283541;27.900342;,
   1.308404;2.569696;24.435477;,
   0.956323;2.602347;24.492864;,
   1.319209;2.688290;24.897864;,
   0.646910;2.789917;24.887987;,
   0.395795;2.739066;21.335669;,
   0.364452;2.901037;21.738971;,
   3.305490;-0.079235;25.114546;,
   2.787155;-0.170500;24.072477;,
   3.767174;1.086293;27.902550;,
   3.670786;1.007145;26.971373;,
   3.290457;1.202672;27.461923;,
   3.264478;1.193324;26.699629;,
   3.171581;1.646711;27.353027;,
   3.147711;1.650711;26.634893;,
   2.146184;2.344177;26.777445;,
   2.129682;2.426472;26.105122;,
   1.327849;2.737860;26.683421;,
   1.310233;2.826071;26.066315;,
   0.509166;2.876322;26.714710;,
   0.456833;3.050678;26.025803;,
   2.577124;-1.137379;24.072477;,
   2.787155;-0.170500;24.072477;,
   3.070612;-1.042918;25.111400;,
   3.305490;-0.079235;25.114546;,
   2.020492;-2.346796;25.185694;,
   1.080130;-2.526459;25.091944;,
   1.849607;-2.157348;24.167430;,
   1.013473;-2.518965;24.167430;,
   0.535470;-2.635859;24.167430;,
   0.534223;-2.628001;25.071381;,
   2.201570;-1.915714;25.112845;,
   2.018665;-1.746405;24.072477;,
   1.835822;1.176071;28.352438;,
   4.065694;-0.003532;29.567562;,
   5.157936;0.031465;29.924474;,
   4.966310;-1.371639;29.193062;,
   4.003692;0.978734;28.903475;,
   4.065694;-0.003532;29.567562;,
   4.816054;1.307089;29.039664;,
   5.157936;0.031465;29.924474;,
   3.530755;-0.096521;26.573069;,
   5.660673;-0.141466;26.610474;,
   3.508685;-0.887665;27.065222;,
   5.947542;-1.899606;27.120016;,
   4.583880;-1.385257;28.118134;,
   4.408611;1.337015;28.000989;,
   3.530755;-0.096521;26.573069;,
   5.660673;-0.141466;26.610474;,
   5.794200;1.447614;27.017405;,
   1.309205;2.704241;20.953810;,
   1.201277;2.267308;20.797797;,
   0.420193;2.719857;20.953810;,
   0.397173;2.355584;20.825850;,
   1.863578;1.756991;20.797797;,
   2.041926;2.092812;20.952398;,
   2.477963;0.965782;20.797797;,
   2.742016;1.198663;20.953806;,
   2.914985;0.094590;20.953755;,
   2.591639;0.092673;20.797797;,
   2.901701;-1.032542;20.951320;,
   2.591639;-0.847425;20.797797;,
   2.914985;0.094590;20.953755;,
   2.591639;0.092673;20.797797;,
   2.496226;-1.945572;20.948176;,
   2.271758;-1.592370;20.797797;,
   1.299478;-2.515635;20.948176;,
   1.430162;-2.035954;20.797797;,
   0.562712;-2.529399;20.948176;,
   0.653373;-2.060297;20.797797;,
   0.451068;-2.454334;22.996802;,
   0.882601;-2.308049;22.996802;,
   1.849104;-1.793844;22.996802;,
   2.377645;-0.916951;23.036384;,
   2.521380;-0.076913;23.067070;,
   2.521380;-0.076913;23.067070;,
   2.265472;0.743669;23.067304;,
   1.857443;1.439830;23.050030;,
   1.199671;1.958549;23.067738;,
   0.355548;2.179527;23.067738;,
   1.463300;-2.407595;20.811286;,
   1.836190;-2.608564;19.622405;,
   2.329600;-1.925833;20.811286;,
   2.923249;-2.087414;19.622405;,
   2.712378;-1.034409;20.811286;,
   3.403570;-1.123109;19.622405;,
   1.250358;2.586666;20.811286;,
   1.962993;1.994854;20.811286;,
   1.684863;2.765961;19.622405;,
   2.463219;2.153820;19.622405;,
   2.598704;1.121743;20.811286;,
   2.712378;0.090543;20.811286;,
   3.256820;1.105073;19.622405;,
   3.403570;0.093816;19.622405;,
   0.530196;2.666848;20.811286;,
   0.665305;2.880756;19.622405;,
   0.677322;-2.693130;19.622405;,
   0.539772;-2.485769;20.811286;,
   2.760520;-1.980391;19.640438;,
   1.736986;-2.435670;19.640438;,
   2.884613;-2.178751;18.848590;,
   1.907239;-2.986647;18.848590;,
   3.175177;-0.895584;19.640438;,
   3.515268;-1.029257;18.848590;,
   1.566307;2.371263;19.640438;,
   2.283188;1.855166;19.640438;,
   1.739165;2.500277;18.838627;,
   2.590288;1.972213;18.844587;,
   3.175177;0.097331;19.640438;,
   3.549020;0.097332;18.848590;,
   3.011339;0.955036;19.640438;,
   3.327354;1.135682;18.854496;,
   0.619294;2.516378;19.607891;,
   0.752169;2.560231;18.848590;,
   0.671170;-2.568320;19.594192;,
   0.732060;-3.126414;18.848590;,
   2.104951;-3.455452;17.965994;,
   2.098818;-3.379960;16.861211;,
   3.163623;-2.506274;17.964472;,
   3.172869;-2.481447;16.927478;,
   3.835155;-1.204700;17.967771;,
   3.877205;-1.236534;16.968626;,
   2.826229;2.152831;17.943848;,
   2.836086;2.153496;16.985563;,
   1.786794;2.487288;17.915531;,
   1.811782;2.482176;16.971653;,
   3.518625;1.190244;17.951725;,
   3.829600;0.052139;17.953534;,
   3.555081;1.202863;16.986467;,
   3.948722;0.052328;16.985070;,
   0.789696;2.526374;17.917243;,
   0.851148;2.482440;16.930581;,
   -0.000000;2.559036;17.882384;,
   0.000000;2.272246;16.810672;,
   0.802915;-3.428494;16.808744;,
   0.852864;-3.566660;17.921973;,
   2.781333;2.118912;16.015827;,
   1.800878;2.630685;16.017896;,
   3.495318;1.170849;16.032408;,
   3.890016;0.057065;16.055477;,
   3.807924;-1.160131;16.016770;,
   3.100124;-2.388230;15.965755;,
   1.953446;-2.999516;15.950808;,
   0.000000;-2.623946;28.725139;,
   -0.000000;-2.676484;27.799459;,
   -0.000000;-2.185180;28.623226;,
   -0.000000;-1.379863;29.650899;,
   -0.000000;1.356602;28.986979;,
   0.083339;1.348567;29.005162;,
   -0.000000;2.315345;27.402669;,
   0.605340;2.250824;27.340077;,
   0.000000;2.880756;19.622405;,
   -0.000000;2.666848;20.811286;,
   -0.000000;2.570162;18.848590;,
   0.000000;2.473619;19.639952;,
   0.891150;-2.803777;15.926634;,
   0.496495;-2.020559;15.753085;,
   0.337990;-2.430615;16.193514;,
   0.183097;-0.144450;15.536136;,
   0.309274;-1.085900;15.622982;,
   0.000000;-0.172523;15.729462;,
   0.000000;-1.341854;15.820933;,
   0.000000;1.094473;15.719986;,
   0.147479;1.041198;15.528754;,
   0.000000;-0.172523;15.729462;,
   0.183097;-0.144450;15.536136;,
   0.832723;2.394871;16.024587;,
   0.000000;-2.015541;16.214114;,
   1.791034;2.444609;11.751998;,
   2.695964;2.032130;11.751998;,
   1.826654;1.767355;11.694922;,
   2.489933;1.479580;11.694922;,
   3.479114;1.184883;11.751998;,
   3.075633;0.880710;11.694922;,
   3.830551;0.061998;11.751998;,
   3.333458;0.048305;11.694922;,
   3.793116;-1.165140;11.752002;,
   3.308404;-0.861384;11.694922;,
   3.134092;-1.933642;11.752002;,
   2.862611;-1.368710;11.694922;,
   2.126950;-2.406875;11.740410;,
   1.278813;-2.226583;11.752002;,
   2.094417;-1.738487;11.686335;,
   1.501247;-1.588903;11.694922;,
   0.655956;-1.785435;11.735630;,
   0.240100;-1.199853;11.728495;,
   1.009249;-1.279668;11.694922;,
   0.632828;-0.887117;11.694918;,
   0.823888;2.009140;11.749358;,
   1.136361;1.410258;11.694922;,
   0.100731;-0.160478;11.724048;,
   0.529562;-0.116619;11.694918;,
   0.105985;0.961086;11.723673;,
   0.508006;0.696657;11.694918;,
   0.100731;-0.160478;11.724048;,
   0.529562;-0.116619;11.694918;,
   0.300369;1.556499;11.744220;,
   0.733153;1.111217;11.694922;,
   -0.000000;-2.568457;21.326886;,
   -0.000000;-2.740789;21.725128;,
   -0.000000;-2.687214;24.124403;,
   -0.000000;-2.732805;25.009901;,
   0.284323;1.831320;15.929459;,
   0.767830;2.281691;12.182501;,
   0.893762;2.072611;12.230702;,
   1.785143;2.596970;12.182501;,
   1.806398;2.339364;12.230706;,
   0.290259;1.949384;12.182501;,
   0.399914;1.750448;12.230702;,
   0.269528;0.997611;12.230702;,
   0.111703;1.115120;12.182501;,
   0.303465;-0.132084;12.230702;,
   0.136835;-0.161646;12.182501;,
   0.226877;-1.175446;12.182501;,
   0.423687;-1.029106;12.230702;,
   0.136835;-0.161646;12.182501;,
   0.303465;-0.132084;12.230702;,
   0.680469;-1.757440;12.182501;,
   0.781922;-1.611776;12.230702;,
   1.280118;-2.192367;12.182501;,
   1.303339;-2.037638;12.230706;,
   2.116648;-2.364074;12.182501;,
   2.062021;-2.177220;12.230706;,
   3.108587;-1.885247;12.182501;,
   2.837718;-1.895288;12.230706;,
   3.747325;-1.141587;12.182501;,
   3.574251;-1.017246;12.230706;,
   3.614970;0.059920;12.230706;,
   3.794326;0.055355;12.182501;,
   3.288488;1.038880;12.230706;,
   3.441052;1.150614;12.182501;,
   2.760899;2.168476;12.182501;,
   2.676027;1.948365;12.230706;,
   2.271758;-1.592370;20.797797;,
   1.430162;-2.035954;20.797797;,
   1.742512;-5.327098;6.710972;,
   4.773466;-4.863921;6.700142;,
   1.841715;-5.499989;6.692940;,
   4.838100;-5.098363;6.682109;,
   2.591639;-0.847425;20.797797;,
   6.453844;-2.487736;6.691427;,
   6.682237;-2.715261;6.673390;,
   1.863578;1.756991;20.797797;,
   1.201277;2.267308;20.797797;,
   2.283188;1.855166;19.640438;,
   1.566307;2.371263;19.640438;,
   2.591639;0.092673;20.797797;,
   2.477963;0.965782;20.797797;,
   6.653815;-0.127332;6.691422;,
   6.424583;2.745492;6.689309;,
   6.882208;-0.130849;6.673390;,
   6.670067;2.895522;6.671258;,
   0.397173;2.355584;20.825850;,
   0.619294;2.516378;19.607891;,
   0.653373;-2.060297;20.797797;,
   0.671170;-2.568320;19.594192;,
   1.736986;-2.435670;19.640438;,
   3.011339;0.955036;19.640438;,
   -0.000000;-2.568320;19.594192;,
   -0.000000;-2.693130;19.622405;,
   -0.000000;-3.435928;17.896259;,
   -0.000000;-3.126414;18.848590;,
   1.810569;2.671933;15.039006;,
   0.765187;2.440582;15.006856;,
   0.271228;1.892003;15.006856;,
   0.130234;1.077919;15.006851;,
   0.166932;-0.143685;15.006851;,
   0.296936;-1.113685;15.006851;,
   0.166932;-0.143685;15.006851;,
   0.482686;-2.060469;15.006851;,
   1.003697;-2.712900;15.006856;,
   1.910676;-2.806093;15.011798;,
   2.956333;-2.166367;15.023365;,
   3.870479;-1.185508;15.008739;,
   3.910463;0.063940;15.006856;,
   3.492394;1.168684;15.006856;,
   2.780272;2.193642;15.027298;,
   -0.000000;-2.747250;16.817944;,
   6.175056;0.049383;30.107213;,
   6.222343;-1.709516;29.226755;,
   6.463245;0.052484;30.116189;,
   6.501110;-1.722433;29.167878;,
   6.075120;-1.835004;28.062730;,
   6.392090;-1.815623;28.088275;,
   5.955698;-0.142011;26.554144;,
   6.297625;-1.896375;27.152749;,
   5.955698;-0.142011;26.554144;,
   6.090012;1.431204;27.091053;,
   6.182476;1.898124;28.126646;,
   5.892118;1.807768;28.185811;,
   6.044282;1.803537;29.245568;,
   6.175056;0.049383;30.107213;,
   6.326190;1.802375;29.310355;,
   6.463245;0.052484;30.116189;,
   2.190120;1.137685;24.072477;,
   1.046411;-2.123317;24.072477;,
   0.534786;-2.227785;24.072477;,
   1.146195;1.899246;24.072477;,
   1.680031;1.763239;24.072477;,
   1.314136;2.768451;25.455448;,
   0.504304;2.979340;25.426142;,
   -0.000000;-2.809596;25.783194;,
   0.582689;-2.715516;25.867960;,
   1.174962;-2.624456;25.927826;,
   2.137171;-2.476151;26.060358;,
   3.278267;-1.040028;26.027650;,
   2.326457;-2.031318;26.027653;,
   3.563931;-0.080741;26.027650;,
   3.533654;0.913935;26.075949;,
   3.563931;-0.080741;26.027650;,
   3.172023;1.155852;25.938675;,
   3.062759;1.607130;25.860571;,
   2.122488;2.424236;25.483526;,
   2.810480;0.649944;29.039552;,
   3.263138;1.228685;28.010003;,
   2.036937;-0.056266;29.980426;,
   2.691209;-0.041551;29.809693;,
   2.074363;0.632560;29.733430;,
   2.729201;0.710513;29.442006;,
   2.691209;-0.041551;29.809693;,
   2.036937;-0.056266;29.980426;,
   2.640934;-0.675945;29.748294;,
   1.984193;-0.590117;29.965581;,
   1.839389;-1.359681;29.531056;,
   2.763714;-0.032882;29.376118;,
   2.701827;-0.608869;29.360298;,
   2.763714;-0.032882;29.376118;,
   1.432925;1.597375;28.074534;,
   0.605340;2.250824;27.340077;,
   0.880566;1.976084;27.785603;,
   0.439900;2.095913;24.072477;,
   0.528947;2.420514;24.787416;,
   0.885162;2.223769;24.328816;,
   1.278781;2.211904;24.281246;,
   1.887358;1.942681;24.235656;,
   1.835822;1.176071;28.352438;,
   1.835822;1.325533;28.618387;,
   1.432925;1.597375;28.074534;,
   1.432925;1.827692;28.202323;,
   2.703837;1.244282;24.306654;,
   1.887358;1.942681;24.235656;,
   2.703837;1.436976;24.300640;,
   2.021765;2.130299;24.209683;,
   2.938424;1.144441;24.946944;,
   2.938424;1.330976;24.952933;,
   2.452624;-1.909027;27.881965;,
   2.483166;-1.661403;28.491187;,
   2.452624;-2.172494;27.981734;,
   2.483166;-1.891726;28.714630;,
   1.511596;-2.077982;28.554723;,
   0.772527;-2.130662;28.588387;,
   1.517709;-2.325376;28.783965;,
   0.772527;-2.423794;28.824845;,
   0.880566;1.976084;27.785603;,
   0.879687;2.233381;27.891398;,
   0.605340;2.250824;27.340077;,
   0.605340;2.544135;27.417501;,
   0.885162;2.223769;24.328816;,
   0.528947;2.420514;24.787416;,
   0.905614;2.541770;24.331978;,
   0.568873;2.745905;24.761998;,
   1.278781;2.211904;24.281246;,
   1.288789;2.506234;24.269522;,
   3.290457;1.202672;27.461923;,
   3.264478;1.193324;26.699629;,
   3.290457;1.429326;27.444746;,
   3.264478;1.433680;26.663187;,
   0.418964;2.511402;26.736069;,
   0.418964;2.839942;26.750051;,
   0.362010;2.679063;25.978168;,
   0.362010;3.029695;26.000304;,
   2.201570;-1.915714;25.112845;,
   2.201570;-2.180075;25.075531;,
   2.018665;-1.746405;24.072477;,
   2.018665;-1.988105;23.985650;,
   1.046411;-2.123317;24.072477;,
   1.046411;-2.415465;23.985650;,
   0.534786;-2.227785;24.072477;,
   0.534786;-2.533916;23.985650;,
   -0.000000;-2.334448;23.977122;,
   -0.000000;-2.633458;23.985650;,
   0.413673;2.952058;25.347677;,
   0.413673;2.612637;25.372878;,
   2.326457;-2.311153;26.011718;,
   2.326457;-2.031318;26.027653;,
   3.172023;1.155852;25.938675;,
   3.172023;1.386250;25.820478;,
   2.004399;0.579170;29.346813;,
   1.958330;-0.046240;29.571059;,
   2.004399;0.648734;29.684768;,
   1.958330;-0.060384;29.939040;,
   2.810480;0.649944;29.039552;,
   2.810480;0.728984;29.348266;,
   2.763714;-0.032882;29.376118;,
   2.763714;-0.045235;29.726781;,
   2.763714;-0.032882;29.376118;,
   2.763714;-0.045235;29.726781;,
   2.701827;-0.608869;29.360298;,
   2.701827;-0.698318;29.700074;,
   1.958330;-0.046240;29.571059;,
   1.893404;-0.530943;29.557587;,
   1.958330;-0.060384;29.939040;,
   1.893404;-0.609961;29.923760;,
   1.731917;-1.137626;29.196883;,
   1.734576;-1.275879;29.500656;,
   3.263138;1.228685;28.010003;,
   3.263138;1.438667;28.169066;,
   -0.000000;-2.870871;26.712835;,
   0.621377;-2.785378;26.759693;,
   1.250664;-2.702686;26.805533;,
   2.230315;-2.546806;26.903382;,
   2.426153;-2.123604;26.921446;,
   2.426153;-2.415791;26.914042;,
   2.426153;-2.123604;26.921446;,
   0.880566;1.976084;27.785603;,
   0.879687;2.233381;27.891398;,
   0.619294;2.516378;19.607891;,
   1.162640;2.858433;18.892126;,
   0.665305;2.880756;19.622405;,
   1.295862;3.222810;18.906597;,
   0.000000;2.880756;19.622405;,
   0.000000;3.222810;18.906597;,
   0.677564;3.222810;16.860645;,
   0.671472;2.858433;16.846144;,
   0.000000;3.222810;16.860645;,
   0.000000;3.222810;16.418557;,
   0.000000;2.831969;16.414803;,
   1.801463;-4.927404;8.939189;,
   4.429941;-4.312117;8.929481;,
   1.742512;-5.327098;6.710972;,
   4.773466;-4.863921;6.700142;,
   1.801463;-4.927404;8.939189;,
   1.900667;-5.100297;8.921153;,
   4.494573;-4.546559;8.911445;,
   6.215532;-2.385511;8.921677;,
   6.453844;-2.487736;6.691427;,
   6.443925;-2.613036;8.903640;,
   6.280772;-0.160824;8.921670;,
   5.993394;2.455976;8.919763;,
   6.653815;-0.127332;6.691422;,
   6.424583;2.745492;6.689309;,
   6.509164;-0.164340;8.903636;,
   6.238872;2.606009;8.901729;,
   5.993394;2.455976;8.919763;,
   1.878749;-3.393070;18.508443;,
   3.377853;-2.807057;18.505637;,
   2.018614;-4.001007;17.146938;,
   3.824561;-3.427062;17.141363;,
   1.878749;-3.393070;18.508443;,
   2.018614;-4.001007;17.146938;,
   1.977952;-3.625781;18.490408;,
   2.117817;-4.173900;17.128902;,
   3.540579;-2.914080;18.487600;,
   3.987291;-3.534085;17.123328;,
   4.492906;-1.626272;18.485344;,
   5.128920;-1.995801;17.118843;,
   4.414315;-0.124077;18.485344;,
   5.135040;-0.287709;17.118840;,
   3.908767;1.358084;18.484792;,
   4.650551;1.539569;17.117750;,
   3.663289;1.208047;18.502830;,
   4.405074;1.389534;17.135784;,
   3.663289;1.208047;18.502830;,
   4.405074;1.389534;17.135784;,
   4.185926;-0.120560;18.503379;,
   4.906655;-0.284192;17.136877;,
   4.264516;-1.398747;18.503379;,
   4.900526;-1.768276;17.136882;,
   1.736986;-2.435670;19.640438;,
   2.760520;-1.980391;19.640438;,
   1.736986;-2.435670;19.640438;,
   1.836190;-2.608564;19.622405;,
   2.923249;-2.087414;19.622405;,
   3.403570;-1.123109;19.622405;,
   3.403570;0.093816;19.622405;,
   3.256820;1.105073;19.622405;,
   3.011339;0.955036;19.640438;,
   3.011339;0.955036;19.640438;,
   3.175177;0.097331;19.640438;,
   3.175177;-0.895584;19.640438;,
   4.192781;-3.906744;12.570636;,
   1.897746;-4.688010;12.578510;,
   1.897746;-4.688010;12.578510;,
   1.996951;-4.860901;12.560473;,
   4.296325;-4.019870;12.552600;,
   5.691520;-2.169873;12.546270;,
   5.899876;-0.219042;12.546265;,
   5.534606;2.133148;12.544718;,
   5.289129;1.983115;12.562754;,
   5.671491;-0.215525;12.564301;,
   5.289129;1.983115;12.562754;,
   5.463136;-1.942348;12.564307;,
   -0.000000;-1.298464;30.752669;,
   -0.000000;2.678096;26.007216;,
   0.000000;2.536080;26.663070;,
   0.362010;2.679063;25.978168;,
   0.418964;2.511402;26.736069;,
   0.000000;2.462172;24.822302;,
   0.528947;2.420514;24.787416;,
   0.000000;2.186852;24.072477;,
   0.439900;2.095913;24.072477;,
   -0.000000;2.940625;21.738971;,
   -0.000000;2.251526;23.067738;,
   0.364452;2.901037;21.738971;,
   0.355548;2.179527;23.067738;,
   -0.000000;2.771991;21.304216;,
   0.395795;2.739066;21.335669;,
   -0.000000;-2.568320;19.594192;,
   -0.000000;-2.485769;20.811286;,
   -0.000000;-2.543602;20.948176;,
   -0.000000;-2.060297;20.797797;,
   -0.000000;-2.545904;22.996802;,
   -0.000000;-2.060297;20.797797;,
   -0.000000;2.735966;20.953810;,
   0.420193;2.719857;20.953810;,
   -0.000000;-2.334448;23.977122;,
   0.000000;2.582260;25.458426;,
   0.413673;2.612637;25.372878;,
   0.000000;-2.485609;28.864323;,
   -0.000000;-2.185180;28.623226;,
   0.000000;2.473619;19.639952;,
   0.000000;2.778580;18.924406;,
   0.619294;2.516378;19.607891;,
   1.162640;2.858433;18.892126;,
   0.000000;2.779039;16.878243;,
   0.671472;2.858433;16.846144;,
   0.000000;2.831969;16.414803;,
   2.382253;1.266286;8.844702;,
   2.398068;1.183976;7.396577;,
   1.858020;1.469780;8.799408;,
   1.856852;1.394373;7.391541;,
   2.837399;0.791971;9.002730;,
   2.864380;0.719695;7.401887;,
   3.015981;0.061239;9.267196;,
   3.071495;0.070017;7.403360;,
   3.048474;-0.640743;9.201610;,
   3.038609;-0.646610;7.400352;,
   2.670957;-1.042527;9.110220;,
   2.656039;-1.145001;7.395567;,
   1.585096;-1.095251;9.105922;,
   1.587446;-1.217614;7.389478;,
   2.058224;-1.179985;9.100885;,
   2.053957;-1.338136;7.385022;,
   0.893762;-0.685271;9.196074;,
   0.906284;-0.666201;7.392509;,
   1.198135;-0.852699;9.106045;,
   1.207954;-0.979996;7.389654;,
   1.323883;1.195346;8.862912;,
   1.309557;1.121607;7.389462;,
   0.865745;-0.080004;9.348701;,
   0.815144;-0.072896;7.394145;,
   0.865745;-0.080004;9.348701;,
   0.841469;0.637601;9.077629;,
   0.815144;-0.072896;7.394145;,
   0.808659;0.550807;7.392202;,
   1.019619;0.969013;8.943394;,
   0.995520;0.886704;7.389965;,
   6.643364;0.034693;29.646438;,
   6.673118;-1.360127;28.901210;,
   6.587449;-1.437127;28.078739;,
   6.513212;-1.503851;27.366013;,
   6.335939;-0.118150;26.675830;,
   6.335939;-0.118150;26.675830;,
   6.350057;1.166365;27.237914;,
   6.422725;1.398113;28.123821;,
   6.535658;1.283019;29.013158;,
   6.643364;0.034693;29.646438;,
   6.495882;0.022812;29.332746;,
   6.520214;-1.118194;28.723117;,
   6.450138;-1.184380;28.072355;,
   6.389410;-1.241734;27.508426;,
   6.244395;-0.102217;26.896730;,
   6.244395;-0.102217;26.896730;,
   6.255943;0.925476;27.362512;,
   6.315387;1.148905;28.121930;,
   6.407776;1.020898;28.814714;,
   6.495882;0.022812;29.332746;,
   13.140518;-0.067389;29.001962;,
   13.142539;-0.828112;28.554227;,
   13.582400;-0.067595;28.959248;,
   13.582405;-0.822110;28.515168;,
   13.136738;-0.861860;27.997482;,
   13.582400;-0.854254;27.952880;,
   13.131721;-0.891106;27.515030;,
   13.119719;-0.150748;27.353142;,
   13.582400;-0.882111;27.465638;,
   13.582400;-0.150273;27.373082;,
   13.582400;0.613187;27.524016;,
   13.120671;0.618992;27.554912;,
   13.582400;0.695043;27.959619;,
   13.125590;0.704329;28.005875;,
   13.582400;0.676289;28.581882;,
   13.133235;0.682611;28.621501;,
   8.593222;-1.029404;28.735069;,
   8.601566;-1.305582;27.995885;,
   8.985374;-1.029404;28.735069;,
   8.985374;-1.304566;27.988896;,
   8.608796;-1.180584;27.389130;,
   8.846034;-0.160528;27.146733;,
   8.985374;-1.178686;27.376096;,
   8.846034;-0.160528;27.146733;,
   6.244395;-0.102217;26.896730;,
   8.846034;0.709415;27.458221;,
   6.255943;0.925476;27.362512;,
   6.315387;1.148905;28.121930;,
   8.846034;0.834200;28.042112;,
   6.407776;1.020898;28.814714;,
   8.846034;0.791457;28.706803;,
   6.495882;0.022812;29.332746;,
   8.846034;-0.053027;29.152221;,
   8.846034;-0.053027;29.152221;,
   9.819649;-1.208062;28.831824;,
   9.786639;-1.010254;28.660883;,
   9.817572;-1.270447;27.957782;,
   9.785190;-1.061929;28.011325;,
   9.815782;-1.324505;27.200403;,
   9.783938;-1.106706;27.448461;,
   9.721934;-0.246742;26.965597;,
   9.698775;-0.229782;27.275078;,
   9.698775;-0.229782;27.275078;,
   9.699016;0.725000;27.477142;,
   9.721934;-0.246742;26.965597;,
   9.722270;0.922566;27.240742;,
   9.724026;1.064127;27.975680;,
   9.700236;0.841380;28.024890;,
   9.702142;0.803914;28.678090;,
   9.726758;1.019214;28.860963;,
   9.703957;-0.126384;29.106506;,
   9.729360;-0.120112;29.438947;,
   6.495882;0.022812;29.332746;,
   6.520214;-1.118194;28.723117;,
   6.450138;-1.184380;28.072355;,
   6.389410;-1.241734;27.508426;,
   6.244395;-0.102217;26.896730;,
   16.273744;-0.067594;28.976810;,
   16.166616;-0.822111;28.596694;,
   16.353117;-0.102047;28.556714;,
   14.395368;-0.067594;29.380659;,
   14.395368;-0.822111;28.936566;,
   14.295115;-0.854254;28.221357;,
   14.295115;-0.882110;27.465638;,
   14.295112;-0.150273;27.346384;,
   14.295112;0.613186;27.524016;,
   14.295115;0.695044;28.228102;,
   14.395368;0.676290;29.003280;,
   15.347282;0.287600;27.506640;,
   15.424570;-0.109953;27.462726;,
   15.347282;0.248036;27.166944;,
   15.424570;-0.131380;27.084067;,
   15.492019;-0.067594;29.331574;,
   15.492019;-0.822111;28.825955;,
   15.981960;-0.690671;28.131072;,
   15.268118;-0.854254;28.325210;,
   16.028461;-0.127111;28.134246;,
   15.268120;-0.122989;28.328397;,
   15.981960;0.531461;28.137811;,
   15.268118;0.695044;28.331952;,
   15.492019;0.676290;28.892662;,
   16.166614;0.676290;28.663414;,
   14.793482;0.529043;27.657674;,
   14.793482;-0.112968;27.654570;,
   14.793482;-0.694120;27.651770;,
   14.793482;-0.716112;27.224832;,
   15.347282;-0.461203;27.501379;,
   15.347282;-0.474663;27.121430;,
   14.793482;-0.138329;27.175024;,
   14.793482;0.464420;27.275984;,
   14.295115;-0.118149;28.220240;,
   9.786639;-1.010254;28.660883;,
   9.785190;-1.061929;28.011325;,
   9.783938;-1.106706;27.448461;,
   9.698775;-0.229782;27.275078;,
   9.698775;-0.229782;27.275078;,
   9.699016;0.725000;27.477142;,
   9.700236;0.841380;28.024890;,
   9.702142;0.803914;28.678090;,
   9.703957;-0.126384;29.106506;,
   9.703957;-0.126384;29.106506;,
   10.285610;-0.104388;29.386480;,
   10.349213;-1.169630;28.782698;,
   10.281586;0.992384;28.830093;,
   10.277369;1.032460;27.964656;,
   10.274658;0.899348;27.270374;,
   10.274137;-0.226290;26.997203;,
   10.343238;-1.276225;27.226186;,
   10.274137;-0.226290;26.997203;,
   10.346016;-1.226738;27.948790;,
   10.524070;-0.103774;29.251731;,
   10.592226;-1.060471;28.708109;,
   10.519208;0.878537;28.753398;,
   10.514106;0.913967;27.976342;,
   10.510826;0.795210;27.356454;,
   10.510182;-0.212953;27.110570;,
   10.585002;-1.155135;27.316093;,
   10.510182;-0.212953;27.110570;,
   10.588355;-1.111187;27.962346;,
   10.524070;-0.103774;29.251731;,
   10.592226;-1.060471;28.708109;,
   10.519208;0.878537;28.753398;,
   10.514106;0.913967;27.976342;,
   10.510826;0.795210;27.356454;,
   10.510182;-0.212953;27.110570;,
   10.585002;-1.155135;27.316093;,
   10.588355;-1.111187;27.962346;,
   1.119130;-0.392676;0.241362;,
   1.323890;-0.399744;0.238961;,
   1.155803;-0.901741;0.016923;,
   1.309086;-0.907524;0.016918;,
   2.457296;1.319333;7.349098;,
   2.398068;1.183976;7.396577;,
